 T=0,  Y=1
 Введите h, количество шагов, шаг сетки таблицы: 0.1 10 1
 Шаг:  1.00000000000023E-0001 Строк в таблице: 10
 t         Y         YN         Yточн.  Yточн-Y  Yточн-YN
0.100000  0.100000  0.099738  0.181918  0.081918  0.082180
0.200000  0.199084  0.198405  0.205407  0.006323  0.007002
0.300000  0.296054  0.295068  0.296073  0.000019  0.001005
0.400000  0.390253  0.388777  0.389464  -0.000789  0.000686
0.500000  0.480272  0.478600  0.479429  -0.000843  0.000829
0.600000  0.565914  0.563640  0.564643  -0.001271  0.001003
0.700000  0.645269  0.643048  0.644218  -0.001052  0.001170
0.800000  0.719124  0.716031  0.717356  -0.001768  0.001325
0.900000  0.784374  0.781860  0.783327  -0.001047  0.001467
1.000000  0.843917  0.839876  0.841471  -0.002446  0.001595

 T=0,  Y=1
 Введите h, количество шагов, шаг сетки таблицы: 0.05 10 2
 Шаг:  5.00000000000114E-0002 Строк в таблице: 5
 t         Y         YN         Yточн.  Yточн-Y  Yточн-YN
0.100000  0.099911  0.099779  0.181918  0.082007  0.082139
0.200000  0.198845  0.198524  0.205407  0.006562  0.006883
0.300000  0.295793  0.295279  0.296073  0.000280  0.000794
0.400000  0.389786  0.389082  0.389464  -0.000322  0.000382
0.500000  0.479884  0.478997  0.479429  -0.000455  0.000432

 T=0,  Y=1
 Введите h, количество шагов, шаг сетки таблицы: 0.025 40 4
 Шаг:  2.50000000000057E-0002 Строк в таблице: 10
 t         Y         YN         Yточн.  Yточн-Y  Yточн-YN
0.100000  0.099868  0.099804  0.181918  0.082051  0.082114
0.200000  0.198753  0.198593  0.205407  0.006654  0.006814
0.300000  0.295653  0.295396  0.296073  0.000421  0.000678
0.400000  0.389598  0.389246  0.389464  -0.000135  0.000217
0.500000  0.479651  0.479208  0.479429  -0.000222  0.000222
0.600000  0.564912  0.564381  0.564643  -0.000269  0.000262
0.700000  0.644527  0.643915  0.644218  -0.000310  0.000303
0.800000  0.717703  0.717015  0.717356  -0.000347  0.000341
0.900000  0.783708  0.782951  0.783327  -0.000382  0.000376
1.000000  0.841883  0.841064  0.841471  -0.000412  0.000407

 T=0,  Y=1
 Введите h, количество шагов, шаг сетки таблицы: 0.0125 80 8
 Шаг:  1.25000000000028E-0002 Строк в таблице: 10
 t         Y         YN         Yточн.  Yточн-Y  Yточн-YN
0.100000  0.099850  0.099818  0.181918  0.082069  0.082100
0.200000  0.198710  0.198630  0.205407  0.006697  0.006777
0.300000  0.295585  0.295457  0.296073  0.000488  0.000616
0.400000  0.389507  0.389331  0.389464  -0.000044  0.000132
0.500000  0.479537  0.479316  0.479429  -0.000108  0.000114
0.600000  0.564776  0.564511  0.564643  -0.000133  0.000132
0.700000  0.644372  0.644065  0.644218  -0.000154  0.000152
0.800000  0.717529  0.717185  0.717356  -0.000173  0.000171
0.900000  0.783517  0.783138  0.783327  -0.000190  0.000189
1.000000  0.841676  0.841267  0.841471  -0.000205  0.000204


