014 226 14.05.2007 11 170
031 259 15.05.2007 24 260
027 065 15.05.2007 10 190
034 050 15.05.2007 13 150
036 451 15.05.2007 18 270
039 382 15.05.2007 24 290
023 372 15.05.2007 23 260
018 115 15.05.2007 21 280
015 303 15.05.2007 8 160
030 279 15.05.2007 25 310
027 416 15.05.2007 9 120
041 428 16.05.2007 22 270
034 043 16.05.2007 25 260
024 384 16.05.2007 23 230
023 178 16.05.2007 22 250
039 338 16.05.2007 14 230
032 353 16.05.2007 21 280
007 374 17.05.2007 15 160
027 064 17.05.2007 13 190
005 058 17.05.2007 17 250
004 451 17.05.2007 9 130
017 097 17.05.2007 22 270
031 362 17.05.2007 26 260
019 449 17.05.2007 25 330
041 324 17.05.2007 15 200
031 182 17.05.2007 24 330
045 254 17.05.2007 19 210
029 043 17.05.2007 19 210
006 157 17.05.2007 15 180
040 283 17.05.2007 13 180
041 060 17.05.2007 10 130
022 086 17.05.2007 15 240
007 006 17.05.2007 22 240
011 430 17.05.2007 10 190
024 250 17.05.2007 12 150
033 057 18.05.2007 22 310
036 398 18.05.2007 9 150
032 254 18.05.2007 19 240
004 189 18.05.2007 10 170
011 087 18.05.2007 14 190
016 266 18.05.2007 8 170
008 301 18.05.2007 23 240
021 196 19.05.2007 15 200
022 332 19.05.2007 25 310
037 038 19.05.2007 12 210
005 482 19.05.2007 23 280
026 313 20.05.2007 25 320
042 251 21.05.2007 13 160
014 143 21.05.2007 8 100
028 108 21.05.2007 7 110
022 100 22.05.2007 19 220
045 342 22.05.2007 22 290
022 045 22.05.2007 18 240
003 190 22.05.2007 20 260
009 466 22.05.2007 15 150
009 197 22.05.2007 23 290
013 113 22.05.2007 14 190
032 445 22.05.2007 16 180
028 310 22.05.2007 13 220
022 116 22.05.2007 11 140
021 384 22.05.2007 16 240
039 263 22.05.2007 18 180
014 039 22.05.2007 26 300
023 373 22.05.2007 21 220
033 230 22.05.2007 17 200
001 260 22.05.2007 25 340
034 055 22.05.2007 25 280
022 217 23.05.2007 18 180
006 137 23.05.2007 24 290
007 168 23.05.2007 7 130
021 154 23.05.2007 16 240
029 278 23.05.2007 20 260
026 008 24.05.2007 13 160
038 236 24.05.2007 23 280
002 447 24.05.2007 26 320
003 404 24.05.2007 15 150
005 352 24.05.2007 17 220
031 186 24.05.2007 24 250
002 167 24.05.2007 16 200
011 267 24.05.2007 11 130
028 060 24.05.2007 14 220
042 188 24.05.2007 17 230
010 136 24.05.2007 17 220
008 419 24.05.2007 15 200
004 293 24.05.2007 26 310
030 114 24.05.2007 22 250
029 092 24.05.2007 21 270
015 084 24.05.2007 19 190
015 088 25.05.2007 9 110
033 301 25.05.2007 11 120
027 333 26.05.2007 18 260
002 427 26.05.2007 7 150
005 350 26.05.2007 22 300
020 334 26.05.2007 25 270
013 115 26.05.2007 14 230
004 482 26.05.2007 24 310
042 084 26.05.2007 19 250
015 306 26.05.2007 11 180
040 040 26.05.2007 11 140
027 142 26.05.2007 22 220
